Point(1) = {0.0, 0.0, 0.0};
Point(2) = {0.0929, 0.0, 0.0};
Point(3) = {0.10471897681476924, 0.0, 0.0};
Point(4) = {0.11238837156956608, 0.0, 0.0};
Point(5) = {0.202, 0.0, 0.0};
Point(6) = {0.0, 0.02, 0.0};
Point(7) = {0.0929, 0.02, 0.0};
Point(8) = {0.10471897681476924, 0.006797981456827845, 0.0};
Point(9) = {0.11238837156956608, 0.005723979635400118, 0.0};
Point(10) = {0.202, 0.0622, 0.0};
Point(11) = {0.10918930650955756, 0.0108, 0.0};
